insert into E_torus Values
	(62251,1,-1),
	(62251,2,2),
	(62251,3,-1),
	(231536,1,-1),
	(231536,2,2),
	(231536,3,-1),
	(5282,1,-1),
	(5282,2,-1),
	(5282,3,2),
	(256923,1,-1),
	(256923,2,2),
	(256923,3,-1),
	(162265,1,2),
	(162265,2,-1),
	(162265,3,-1),
	(38985,1,-1),
	(38985,2,2),
	(38985,3,-1),
	(66850,1,-1),
	(66850,2,-1),
	(66850,3,2),
	(19227,1,2),
	(19227,2,-1),
	(19227,3,-1),
	(152039,1,-1),
	(152039,2,-1),
	(152039,3,2),
	(36212,1,-1),
	(36212,2,-1),
	(36212,3,2),
	(20470,1,-1),
	(20470,2,2),
	(20470,3,-1),
	(153159,1,-1),
	(153159,2,-1),
	(153159,3,2),
	(264280,1,-1),
	(264280,2,-1),
	(264280,3,2),
	(155067,1,-1),
	(155067,2,2),
	(155067,3,-1),
	(56339,1,-1),
	(56339,2,2),
	(56339,3,-1),
	(389787,1,-1),
	(389787,2,2),
	(389787,3,-1),
	(1700,1,-1),
	(1700,2,2),
	(1700,3,-1),
	(115278,1,-1),
	(115278,2,2),
	(115278,3,-1),
	(47399,1,-1),
	(47399,2,2),
	(47399,3,-1),
	(282507,1,-1),
	(282507,2,-1),
	(282507,3,2),
	(211107,1,-1),
	(211107,2,2),
	(211107,3,-1),
	(308953,1,-1),
	(308953,2,2),
	(308953,3,-1),
	(61706,1,-1),
	(61706,2,2),
	(61706,3,-1),
	(282527,1,-1),
	(282527,2,-1),
	(282527,3,2),
	(376007,1,-1),
	(376007,2,2),
	(376007,3,-1),
	(32976,1,-1),
	(32976,2,2),
	(32976,3,-1),
	(10913,1,-1),
	(10913,2,-1),
	(10913,3,2),
	(53596,1,-1),
	(53596,2,2),
	(53596,3,-1),
	(39016,1,2),
	(39016,2,-1),
	(39016,3,-1),
	(67157,1,-1),
	(67157,2,-1),
	(67157,3,2),
	(61390,1,-1),
	(61390,2,-1),
	(61390,3,2),
	(62025,1,-1),
	(62025,2,2),
	(62025,3,-1),
	(49871,1,-1),
	(49871,2,2),
	(49871,3,-1),
	(349835,1,2),
	(349835,2,-1),
	(349835,3,-1),
	(341956,1,-1),
	(341956,2,2),
	(341956,3,-1),
	(65741,1,-1),
	(65741,2,-1),
	(65741,3,2),
	(29135,1,2),
	(29135,2,-1),
	(29135,3,-1),
	(187530,1,-1),
	(187530,2,2),
	(187530,3,-1),
	(134609,1,-1),
	(134609,2,2),
	(134609,3,-1),
	(95282,1,-1),
	(95282,2,-1),
	(95282,3,2),
	(20434,1,-1),
	(20434,2,2),
	(20434,3,-1),
	(29091,1,-1),
	(29091,2,2),
	(29091,3,-1),
	(45270,1,-1),
	(45270,2,2),
	(45270,3,-1),
	(72877,1,-1),
	(72877,2,2),
	(72877,3,-1),
	(165976,1,2),
	(165976,2,-1),
	(165976,3,-1),
	(99739,1,-1),
	(99739,2,2),
	(99739,3,-1),
	(66844,1,-1),
	(66844,2,2),
	(66844,3,-1),
	(214696,1,-1),
	(214696,2,2),
	(214696,3,-1),
	(76920,1,-1),
	(76920,2,2),
	(76920,3,-1),
	(66220,1,2),
	(66220,2,-1),
	(66220,3,-1),
	(177999,1,-1),
	(177999,2,-1),
	(177999,3,2),
	(133488,1,-1),
	(133488,2,-1),
	(133488,3,2),
	(67979,1,-1),
	(67979,2,2),
	(67979,3,-1),
	(20892,1,-1),
	(20892,2,2),
	(20892,3,-1),
	(13426,1,-1),
	(13426,2,2),
	(13426,3,-1),
	(150921,1,-1),
	(150921,2,2),
	(150921,3,-1),
	(163663,1,-1),
	(163663,2,2),
	(163663,3,-1),
	(300784,1,-1),
	(300784,2,2),
	(300784,3,-1),
	(12391,1,-1),
	(12391,2,2),
	(12391,3,-1),
	(54862,1,-1),
	(54862,2,2),
	(54862,3,-1),
	(166750,1,-1),
	(166750,2,-1),
	(166750,3,2),
	(325789,1,-1),
	(325789,2,2),
	(325789,3,-1),
	(18406,1,-1),
	(18406,2,-1),
	(18406,3,2),
	(66588,1,-1),
	(66588,2,2),
	(66588,3,-1),
	(15144,1,-1),
	(15144,2,2),
	(15144,3,-1),
	(15608,1,-1),
	(15608,2,-1),
	(15608,3,2),
	(7242,1,-1),
	(7242,2,2),
	(7242,3,-1),
	(62045,1,2),
	(62045,2,-1),
	(62045,3,-1),
	(91542,1,2),
	(91542,2,-1),
	(91542,3,-1),
	(18417,1,-1),
	(18417,2,2),
	(18417,3,-1),
	(92678,1,-1),
	(92678,2,2),
	(92678,3,-1),
	(103549,1,-1),
	(103549,2,2),
	(103549,3,-1),
	(27110,1,-1),
	(27110,2,2),
	(27110,3,-1),
	(302878,1,-1),
	(302878,2,2),
	(302878,3,-1),
	(95888,1,-1),
	(95888,2,2),
	(95888,3,-1),
	(66657,1,-1),
	(66657,2,2),
	(66657,3,-1),
	(44611,1,-1),
	(44611,2,-1),
	(44611,3,2),
	(91224,1,-1),
	(91224,2,2),
	(91224,3,-1),
	(46601,1,-1),
	(46601,2,2),
	(46601,3,-1),
	(86362,1,2),
	(86362,2,-1),
	(86362,3,-1),
	(60463,1,-1),
	(60463,2,2),
	(60463,3,-1),
	(58574,1,-1),
	(58574,2,-1),
	(58574,3,2),
	(92987,1,-1),
	(92987,2,2),
	(92987,3,-1),
	(17705,1,-1),
	(17705,2,2),
	(17705,3,-1),
	(12260,1,-1),
	(12260,2,2),
	(12260,3,-1),
	(48159,1,-1),
	(48159,2,2),
	(48159,3,-1),
	(30512,1,-1),
	(30512,2,2),
	(30512,3,-1),
	(145274,1,-1),
	(145274,2,2),
	(145274,3,-1),
	(327980,1,-1),
	(327980,2,2),
	(327980,3,-1),
	(338921,1,-1),
	(338921,2,-1),
	(338921,3,2),
	(57062,1,-1),
	(57062,2,2),
	(57062,3,-1),
	(234671,1,-1),
	(234671,2,2),
	(234671,3,-1),
	(77941,1,-1),
	(77941,2,2),
	(77941,3,-1),
	(29094,1,2),
	(29094,2,-1),
	(29094,3,-1),
	(5515,1,-1),
	(5515,2,-1),
	(5515,3,2),
	(8452,1,-1),
	(8452,2,-1),
	(8452,3,2),
	(71860,1,-1),
	(71860,2,2),
	(71860,3,-1),
	(36805,1,-1),
	(36805,2,2),
	(36805,3,-1),
	(20476,1,-1),
	(20476,2,-1),
	(20476,3,2),
	(34491,1,-1),
	(34491,2,2),
	(34491,3,-1),
	(184853,1,-1),
	(184853,2,2),
	(184853,3,-1),
	(1571,1,2),
	(1571,2,-1),
	(1571,3,-1),
	(11685,1,-1),
	(11685,2,2),
	(11685,3,-1),
	(122777,1,-1),
	(122777,2,-1),
	(122777,3,2),
	(39458,1,-1),
	(39458,2,2),
	(39458,3,-1),
	(54429,1,-1),
	(54429,2,2),
	(54429,3,-1),
	(139584,1,-1),
	(139584,2,-1),
	(139584,3,2),
	(124589,1,-1),
	(124589,2,-1),
	(124589,3,2),
	(124513,1,-1),
	(124513,2,2),
	(124513,3,-1),
	(92474,1,-1),
	(92474,2,2),
	(92474,3,-1),
	(76466,1,-1),
	(76466,2,2),
	(76466,3,-1),
	(54777,1,-1),
	(54777,2,2),
	(54777,3,-1),
	(146809,1,-1),
	(146809,2,-1),
	(146809,3,2),
	(128281,1,-1),
	(128281,2,2),
	(128281,3,-1),
	(34607,1,-1),
	(34607,2,2),
	(34607,3,-1),
	(121132,1,-1),
	(121132,2,2),
	(121132,3,-1),
	(44587,1,-1),
	(44587,2,2),
	(44587,3,-1),
	(52187,1,-1),
	(52187,2,2),
	(52187,3,-1),
	(62779,1,-1),
	(62779,2,-1),
	(62779,3,2),
	(26595,1,-1),
	(26595,2,2),
	(26595,3,-1),
	(117940,1,-1),
	(117940,2,2),
	(117940,3,-1),
	(23899,1,-1),
	(23899,2,2),
	(23899,3,-1),
	(108848,1,-1),
	(108848,2,-1),
	(108848,3,2),
	(24575,1,-1),
	(24575,2,2),
	(24575,3,-1),
	(138652,1,-1),
	(138652,2,2),
	(138652,3,-1),
	(66013,1,-1),
	(66013,2,2),
	(66013,3,-1),
	(78455,1,-1),
	(78455,2,2),
	(78455,3,-1),
	(14348,1,-1),
	(14348,2,2),
	(14348,3,-1),
	(54860,1,-1),
	(54860,2,-1),
	(54860,3,2),
	(167759,1,-1),
	(167759,2,2),
	(167759,3,-1),
	(117267,1,-1),
	(117267,2,2),
	(117267,3,-1),
	(18412,1,-1),
	(18412,2,-1),
	(18412,3,2),
	(74828,1,-1),
	(74828,2,2),
	(74828,3,-1),
	(101496,1,-1),
	(101496,2,2),
	(101496,3,-1),
	(28580,1,2),
	(28580,2,-1),
	(28580,3,-1),
	(156704,1,-1),
	(156704,2,2),
	(156704,3,-1),
	(12411,1,-1),
	(12411,2,2),
	(12411,3,-1),
	(212439,1,-1),
	(212439,2,2),
	(212439,3,-1),
	(127971,1,-1),
	(127971,2,-1),
	(127971,3,2),
	(140344,1,-1),
	(140344,2,-1),
	(140344,3,2),
	(100563,1,-1),
	(100563,2,2),
	(100563,3,-1),
	(68667,1,-1),
	(68667,2,2),
	(68667,3,-1),
	(69747,1,-1),
	(69747,2,2),
	(69747,3,-1),
	(241963,1,-1),
	(241963,2,2),
	(241963,3,-1),
	(41947,1,-1),
	(41947,2,2),
	(41947,3,-1),
	(42838,1,-1),
	(42838,2,-1),
	(42838,3,2),
	(100599,1,-1),
	(100599,2,-1),
	(100599,3,2),
	(5540,1,-1),
	(5540,2,2),
	(5540,3,-1),
	(47416,1,-1),
	(47416,2,-1),
	(47416,3,2),
	(34493,1,-1),
	(34493,2,2),
	(34493,3,-1),
	(64933,1,-1),
	(64933,2,-1),
	(64933,3,2),
	(93049,1,2),
	(93049,2,-1),
	(93049,3,-1),
	(84933,1,-1),
	(84933,2,-1),
	(84933,3,2),
	(21612,1,-1),
	(21612,2,2),
	(21612,3,-1),
	(115285,1,-1),
	(115285,2,2),
	(115285,3,-1),
	(20927,1,2),
	(20927,2,-1),
	(20927,3,-1),
	(182344,1,-1),
	(182344,2,-1),
	(182344,3,2),
	(52462,1,-1),
	(52462,2,2),
	(52462,3,-1),
	(79590,1,-1),
	(79590,2,2),
	(79590,3,-1),
	(55178,1,-1),
	(55178,2,-1),
	(55178,3,2),
	(257582,1,-1),
	(257582,2,2),
	(257582,3,-1),
	(286618,1,-1),
	(286618,2,2),
	(286618,3,-1),
	(60489,1,-1),
	(60489,2,2),
	(60489,3,-1),
	(68965,1,-1),
	(68965,2,2),
	(68965,3,-1),
	(73882,1,-1),
	(73882,2,-1),
	(73882,3,2),
	(360583,1,-1),
	(360583,2,2),
	(360583,3,-1),
	(86361,1,2),
	(86361,2,-1),
	(86361,3,-1),
	(47420,1,-1),
	(47420,2,2),
	(47420,3,-1),
	(62767,1,-1),
	(62767,2,-1),
	(62767,3,2),
	(68619,1,2),
	(68619,2,-1),
	(68619,3,-1),
	(66882,1,-1),
	(66882,2,2),
	(66882,3,-1),
	(255905,1,-1),
	(255905,2,-1),
	(255905,3,2),
	(95677,1,-1),
	(95677,2,2),
	(95677,3,-1),
	(74820,1,-1),
	(74820,2,-1),
	(74820,3,2),
	(33150,1,-1),
	(33150,2,2),
	(33150,3,-1),
	(47406,1,-1),
	(47406,2,2),
	(47406,3,-1),
	(50488,1,-1),
	(50488,2,2),
	(50488,3,-1),
	(3150,1,-1),
	(3150,2,2),
	(3150,3,-1),
	(4082,1,-1),
	(4082,2,-1),
	(4082,3,2),
	(177906,1,-1),
	(177906,2,2),
	(177906,3,-1),
	(56118,1,2),
	(56118,2,-1),
	(56118,3,-1),
	(3682,1,2),
	(3682,2,-1),
	(3682,3,-1),
	(3167,1,-1),
	(3167,2,2),
	(3167,3,-1),
	(113747,1,2),
	(113747,2,-1),
	(113747,3,-1),
	(84777,1,-1),
	(84777,2,2),
	(84777,3,-1),
	(78875,1,-1),
	(78875,2,-1),
	(78875,3,2),
	(41965,1,-1),
	(41965,2,-1),
	(41965,3,2),
	(95222,1,-1),
	(95222,2,2),
	(95222,3,-1),
	(399909,1,-1),
	(399909,2,-1),
	(399909,3,2),
	(91193,1,-1),
	(91193,2,-1),
	(91193,3,2),
	(257018,1,-1),
	(257018,2,-1),
	(257018,3,2),
	(72823,1,-1),
	(72823,2,-1),
	(72823,3,2),
	(3145,1,-1),
	(3145,2,-1),
	(3145,3,2),
	(46426,1,-1),
	(46426,2,2),
	(46426,3,-1),
	(43940,1,2),
	(43940,2,-1),
	(43940,3,-1),
	(100574,1,-1),
	(100574,2,2),
	(100574,3,-1),
	(10976,1,-1),
	(10976,2,2),
	(10976,3,-1),
	(152139,1,-1),
	(152139,2,2),
	(152139,3,-1),
	(38966,1,-1),
	(38966,2,-1),
	(38966,3,2),
	(60108,1,-1),
	(60108,2,2),
	(60108,3,-1),
	(193977,1,-1),
	(193977,2,2),
	(193977,3,-1),
	(95221,1,-1),
	(95221,2,2),
	(95221,3,-1),
	(57256,1,-1),
	(57256,2,-1),
	(57256,3,2),
	(72545,1,-1),
	(72545,2,2),
	(72545,3,-1),
	(53545,1,-1),
	(53545,2,-1),
	(53545,3,2),
	(100564,1,-1),
	(100564,2,2),
	(100564,3,-1),
	(145359,1,2),
	(145359,2,-1),
	(145359,3,-1),
	(171352,1,-1),
	(171352,2,2),
	(171352,3,-1),
	(131857,1,-1),
	(131857,2,-1),
	(131857,3,2),
	(158536,1,-1),
	(158536,2,2),
	(158536,3,-1),
	(101106,1,2),
	(101106,2,-1),
	(101106,3,-1),
	(189619,1,-1),
	(189619,2,2),
	(189619,3,-1),
	(173089,1,-1),
	(173089,2,2),
	(173089,3,-1),
	(272385,1,-1),
	(272385,2,2),
	(272385,3,-1),
	(206927,1,-1),
	(206927,2,-1),
	(206927,3,2),
	(33013,1,-1),
	(33013,2,2),
	(33013,3,-1),
	(85988,1,-1),
	(85988,2,2),
	(85988,3,-1),
	(201042,1,-1),
	(201042,2,2),
	(201042,3,-1),
	(76479,1,-1),
	(76479,2,2),
	(76479,3,-1),
	(69252,1,-1),
	(69252,2,-1),
	(69252,3,2),
	(311737,1,-1),
	(311737,2,-1),
	(311737,3,2),
	(56970,1,-1),
	(56970,2,2),
	(56970,3,-1),
	(20424,1,-1),
	(20424,2,-1),
	(20424,3,2),
	(243590,1,-1),
	(243590,2,2),
	(243590,3,-1),
	(151006,1,-1),
	(151006,2,-1),
	(151006,3,2),
	(60542,1,-1),
	(60542,2,-1),
	(60542,3,2),
	(79439,1,-1),
	(79439,2,2),
	(79439,3,-1),
	(27490,1,-1),
	(27490,2,-1),
	(27490,3,2),
	(156769,1,-1),
	(156769,2,2),
	(156769,3,-1),
	(134611,1,-1),
	(134611,2,2),
	(134611,3,-1),
	(39087,1,-1),
	(39087,2,2),
	(39087,3,-1),
	(102237,1,-1),
	(102237,2,2),
	(102237,3,-1),
	(237500,1,-1),
	(237500,2,-1),
	(237500,3,2),
	(97905,1,-1),
	(97905,2,2),
	(97905,3,-1),
	(216857,1,-1),
	(216857,2,-1),
	(216857,3,2),
	(18420,1,-1),
	(18420,2,2),
	(18420,3,-1),
	(12647,1,-1),
	(12647,2,2),
	(12647,3,-1),
	(238753,1,-1),
	(238753,2,-1),
	(238753,3,2),
	(68676,1,-1),
	(68676,2,2),
	(68676,3,-1),
	(181260,1,2),
	(181260,2,-1),
	(181260,3,-1),
	(111221,1,-1),
	(111221,2,2),
	(111221,3,-1),
	(132847,1,-1),
	(132847,2,2),
	(132847,3,-1),
	(6129,1,-1),
	(6129,2,-1),
	(6129,3,2),
	(242006,1,-1),
	(242006,2,-1),
	(242006,3,2),
	(194626,1,-1),
	(194626,2,2),
	(194626,3,-1),
	(13960,1,-1),
	(13960,2,2),
	(13960,3,-1),
	(5509,1,2),
	(5509,2,-1),
	(5509,3,-1),
	(1266,1,-1),
	(1266,2,-1),
	(1266,3,2),
	(115267,1,-1),
	(115267,2,2),
	(115267,3,-1),
	(39710,1,-1),
	(39710,2,2),
	(39710,3,-1),
	(80629,1,2),
	(80629,2,-1),
	(80629,3,-1),
	(61655,1,-1),
	(61655,2,-1),
	(61655,3,2),
	(332174,1,-1),
	(332174,2,-1),
	(332174,3,2),
	(3111,1,-1),
	(3111,2,-1),
	(3111,3,2),
	(42962,1,-1),
	(42962,2,2),
	(42962,3,-1),
	(115274,1,-1),
	(115274,2,-1),
	(115274,3,2),
	(61368,1,-1),
	(61368,2,-1),
	(61368,3,2),
	(115265,1,-1),
	(115265,2,2),
	(115265,3,-1),
	(341792,1,-1),
	(341792,2,-1),
	(341792,3,2),
	(95873,1,-1),
	(95873,2,-1),
	(95873,3,2),
	(6968,1,-1),
	(6968,2,2),
	(6968,3,-1),
	(58292,1,2),
	(58292,2,-1),
	(58292,3,-1),
	(38438,1,-1),
	(38438,2,-1),
	(38438,3,2),
	(18437,1,-1),
	(18437,2,-1),
	(18437,3,2),
	(148127,1,-1),
	(148127,2,2),
	(148127,3,-1),
	(178036,1,-1),
	(178036,2,2),
	(178036,3,-1),
	(30488,1,-1),
	(30488,2,2),
	(30488,3,-1),
	(71101,1,-1),
	(71101,2,2),
	(71101,3,-1),
	(61264,1,-1),
	(61264,2,2),
	(61264,3,-1),
	(170310,1,-1),
	(170310,2,2),
	(170310,3,-1),
	(313214,1,-1),
	(313214,2,2),
	(313214,3,-1),
	(73870,1,-1),
	(73870,2,-1),
	(73870,3,2),
	(200101,1,2),
	(200101,2,-1),
	(200101,3,-1),
	(3170,1,-1),
	(3170,2,-1),
	(3170,3,2),
	(265402,1,2),
	(265402,2,-1),
	(265402,3,-1),
	(29092,1,-1),
	(29092,2,2),
	(29092,3,-1),
	(100992,1,2),
	(100992,2,-1),
	(100992,3,-1),
	(54430,1,-1),
	(54430,2,2),
	(54430,3,-1),
	(1585,1,-1),
	(1585,2,2),
	(1585,3,-1),
	(180610,1,-1),
	(180610,2,-1),
	(180610,3,2),
	(83038,1,-1),
	(83038,2,2),
	(83038,3,-1),
	(199065,1,-1),
	(199065,2,2),
	(199065,3,-1),
	(92679,1,-1),
	(92679,2,2),
	(92679,3,-1),
	(94278,1,-1),
	(94278,2,2),
	(94278,3,-1),
	(233104,1,-1),
	(233104,2,2),
	(233104,3,-1),
	(100559,1,-1),
	(100559,2,2),
	(100559,3,-1),
	(65299,1,-1),
	(65299,2,-1),
	(65299,3,2),
	(18675,1,2),
	(18675,2,-1),
	(18675,3,-1),
	(267730,1,-1),
	(267730,2,-1),
	(267730,3,2),
	(101488,1,-1),
	(101488,2,2),
	(101488,3,-1),
	(9006,1,-1),
	(9006,2,-1),
	(9006,3,2),
	(14452,1,-1),
	(14452,2,2),
	(14452,3,-1),
	(58290,1,2),
	(58290,2,-1),
	(58290,3,-1),
	(63817,1,-1),
	(63817,2,2),
	(63817,3,-1),
	(18431,1,-1),
	(18431,2,2),
	(18431,3,-1),
	(17709,1,-1),
	(17709,2,-1),
	(17709,3,2),
	(20461,1,-1),
	(20461,2,2),
	(20461,3,-1),
	(197211,1,-1),
	(197211,2,-1),
	(197211,3,2),
	(399179,1,-1),
	(399179,2,2),
	(399179,3,-1),
	(100571,1,-1),
	(100571,2,2),
	(100571,3,-1),
	(180819,1,-1),
	(180819,2,2),
	(180819,3,-1),
	(112811,1,2),
	(112811,2,-1),
	(112811,3,-1),
	(256927,1,-1),
	(256927,2,2),
	(256927,3,-1),
	(133968,1,-1),
	(133968,2,-1),
	(133968,3,2),
	(104680,1,-1),
	(104680,2,2),
	(104680,3,-1),
	(70804,1,2),
	(70804,2,-1),
	(70804,3,-1),
	(30909,1,2),
	(30909,2,-1),
	(30909,3,-1),
	(73012,1,-1),
	(73012,2,-1),
	(73012,3,2),
	(120877,1,-1),
	(120877,2,2),
	(120877,3,-1),
	(36373,1,2),
	(36373,2,-1),
	(36373,3,-1),
	(199032,1,-1),
	(199032,2,-1),
	(199032,3,2),
	(12415,1,-1),
	(12415,2,2),
	(12415,3,-1),
	(113618,1,-1),
	(113618,2,2),
	(113618,3,-1),
	(44612,1,-1),
	(44612,2,-1),
	(44612,3,2),
	(41936,1,-1),
	(41936,2,-1),
	(41936,3,2),
	(44610,1,-1),
	(44610,2,2),
	(44610,3,-1),
	(285715,1,2),
	(285715,2,-1),
	(285715,3,-1),
	(214395,1,-1),
	(214395,2,2),
	(214395,3,-1),
	(52463,1,-1),
	(52463,2,2),
	(52463,3,-1),
	(49872,1,-1),
	(49872,2,2),
	(49872,3,-1),
	(90068,1,-1),
	(90068,2,-1),
	(90068,3,2),
	(134207,1,2),
	(134207,2,-1),
	(134207,3,-1),
	(169940,1,-1),
	(169940,2,2),
	(169940,3,-1),
	(12417,1,-1),
	(12417,2,2),
	(12417,3,-1),
	(229974,1,-1),
	(229974,2,2),
	(229974,3,-1),
	(112354,1,-1),
	(112354,2,2),
	(112354,3,-1),
	(59585,1,-1),
	(59585,2,-1),
	(59585,3,2),
	(205741,1,-1),
	(205741,2,-1),
	(205741,3,2),
	(75392,1,-1),
	(75392,2,2),
	(75392,3,-1),
	(51627,1,-1),
	(51627,2,2),
	(51627,3,-1),
	(115282,1,-1),
	(115282,2,2),
	(115282,3,-1),
	(212428,1,2),
	(212428,2,-1),
	(212428,3,-1),
	(234379,1,2),
	(234379,2,-1),
	(234379,3,-1),
	(391357,1,-1),
	(391357,2,-1),
	(391357,3,2),
	(20438,1,2),
	(20438,2,-1),
	(20438,3,-1),
	(66166,1,2),
	(66166,2,-1),
	(66166,3,-1),
	(137069,1,-1),
	(137069,2,-1),
	(137069,3,2),
	(41968,1,2),
	(41968,2,-1),
	(41968,3,-1),
	(67115,1,-1),
	(67115,2,-1),
	(67115,3,2),
	(83616,1,-1),
	(83616,2,2),
	(83616,3,-1),
	(230996,1,-1),
	(230996,2,-1),
	(230996,3,2),
	(19855,1,-1),
	(19855,2,-1),
	(19855,3,2),
	(8867,1,-1),
	(8867,2,-1),
	(8867,3,2),
	(217346,1,-1),
	(217346,2,2),
	(217346,3,-1),
	(93994,1,-1),
	(93994,2,2),
	(93994,3,-1),
	(88480,1,-1),
	(88480,2,2),
	(88480,3,-1),
	(63470,1,-1),
	(63470,2,2),
	(63470,3,-1),
	(67277,1,-1),
	(67277,2,2),
	(67277,3,-1),
	(35405,1,-1),
	(35405,2,-1),
	(35405,3,2),
	(161895,1,-1),
	(161895,2,2),
	(161895,3,-1),
	(51628,1,-1),
	(51628,2,2),
	(51628,3,-1),
	(259891,1,-1),
	(259891,2,-1),
	(259891,3,2),
	(35415,1,-1),
	(35415,2,-1),
	(35415,3,2),
	(52556,1,-1),
	(52556,2,2),
	(52556,3,-1),
	(103544,1,-1),
	(103544,2,-1),
	(103544,3,2),
	(92996,1,-1),
	(92996,2,-1),
	(92996,3,2),
	(36069,1,-1),
	(36069,2,-1),
	(36069,3,2),
	(44645,1,-1),
	(44645,2,-1),
	(44645,3,2),
	(1688,1,-1),
	(1688,2,-1),
	(1688,3,2),
	(37821,1,2),
	(37821,2,-1),
	(37821,3,-1),
	(104319,1,-1),
	(104319,2,-1),
	(104319,3,2),
	(67997,1,-1),
	(67997,2,2),
	(67997,3,-1),
	(48977,1,-1),
	(48977,2,2),
	(48977,3,-1),
	(281599,1,-1),
	(281599,2,-1),
	(281599,3,2),
	(141274,1,-1),
	(141274,2,2),
	(141274,3,-1),
	(5607,1,-1),
	(5607,2,2),
	(5607,3,-1),
	(6101,1,-1),
	(6101,2,-1),
	(6101,3,2),
	(164906,1,-1),
	(164906,2,2),
	(164906,3,-1),
	(85927,1,-1),
	(85927,2,2),
	(85927,3,-1),
	(20435,1,-1),
	(20435,2,2),
	(20435,3,-1),
	(95905,1,2),
	(95905,2,-1),
	(95905,3,-1),
	(123583,1,-1),
	(123583,2,-1),
	(123583,3,2),
	(93551,1,-1),
	(93551,2,-1),
	(93551,3,2),
	(38510,1,-1),
	(38510,2,2),
	(38510,3,-1),
	(65281,1,-1),
	(65281,2,2),
	(65281,3,-1),
	(94276,1,-1),
	(94276,2,2),
	(94276,3,-1),
	(35397,1,2),
	(35397,2,-1),
	(35397,3,-1),
	(64869,1,-1),
	(64869,2,2),
	(64869,3,-1),
	(206596,1,-1),
	(206596,2,-1),
	(206596,3,2),
	(227328,1,-1),
	(227328,2,2),
	(227328,3,-1),
	(72863,1,-1),
	(72863,2,2),
	(72863,3,-1),
	(382414,1,-1),
	(382414,2,-1),
	(382414,3,2),
	(65842,1,-1),
	(65842,2,2),
	(65842,3,-1),
	(77377,1,-1),
	(77377,2,2),
	(77377,3,-1),
	(70801,1,-1),
	(70801,2,-1),
	(70801,3,2),
	(18436,1,-1),
	(18436,2,2),
	(18436,3,-1),
	(136958,1,-1),
	(136958,2,-1),
	(136958,3,2),
	(78870,1,-1),
	(78870,2,2),
	(78870,3,-1),
	(122780,1,2),
	(122780,2,-1),
	(122780,3,-1),
	(115821,1,-1),
	(115821,2,2),
	(115821,3,-1),
	(18428,1,-1),
	(18428,2,-1),
	(18428,3,2),
	(154736,1,2),
	(154736,2,-1),
	(154736,3,-1),
	(64312,1,-1),
	(64312,2,-1),
	(64312,3,2),
	(180462,1,-1),
	(180462,2,2),
	(180462,3,-1),
	(81375,1,-1),
	(81375,2,2),
	(81375,3,-1),
	(41959,1,-1),
	(41959,2,-1),
	(41959,3,2),
	(61396,1,2),
	(61396,2,-1),
	(61396,3,-1),
	(19209,1,-1),
	(19209,2,-1),
	(19209,3,2),
	(66651,1,-1),
	(66651,2,2),
	(66651,3,-1),
	(241741,1,-1),
	(241741,2,-1),
	(241741,3,2),
	(36153,1,-1),
	(36153,2,2),
	(36153,3,-1),
	(87939,1,-1),
	(87939,2,2),
	(87939,3,-1),
	(86379,1,-1),
	(86379,2,-1),
	(86379,3,2),
	(20979,1,-1),
	(20979,2,2),
	(20979,3,-1),
	(97993,1,-1),
	(97993,2,2),
	(97993,3,-1),
	(20473,1,-1),
	(20473,2,2),
	(20473,3,-1),
	(157088,1,-1),
	(157088,2,2),
	(157088,3,-1),
	(73363,1,-1),
	(73363,2,2),
	(73363,3,-1),
	(32988,1,-1),
	(32988,2,2),
	(32988,3,-1),
	(65284,1,-1),
	(65284,2,2),
	(65284,3,-1),
	(3140,1,-1),
	(3140,2,-1),
	(3140,3,2),
	(84737,1,-1),
	(84737,2,2),
	(84737,3,-1),
	(115276,1,-1),
	(115276,2,2),
	(115276,3,-1),
	(103102,1,2),
	(103102,2,-1),
	(103102,3,-1),
	(84470,1,-1),
	(84470,2,2),
	(84470,3,-1),
	(170616,1,-1),
	(170616,2,2),
	(170616,3,-1),
	(259004,1,-1),
	(259004,2,-1),
	(259004,3,2),
	(64747,1,-1),
	(64747,2,2),
	(64747,3,-1),
	(97391,1,-1),
	(97391,2,-1),
	(97391,3,2),
	(68612,1,-1),
	(68612,2,2),
	(68612,3,-1),
	(75276,1,-1),
	(75276,2,2),
	(75276,3,-1),
	(139267,1,2),
	(139267,2,-1),
	(139267,3,-1),
	(234299,1,-1),
	(234299,2,-1),
	(234299,3,2),
	(133971,1,-1),
	(133971,2,2),
	(133971,3,-1),
	(96237,1,2),
	(96237,2,-1),
	(96237,3,-1),
	(66708,1,-1),
	(66708,2,-1),
	(66708,3,2),
	(19911,1,-1),
	(19911,2,2),
	(19911,3,-1),
	(22122,1,2),
	(22122,2,-1),
	(22122,3,-1),
	(54853,1,-1),
	(54853,2,-1),
	(54853,3,2),
	(88591,1,2),
	(88591,2,-1),
	(88591,3,-1),
	(142945,1,-1),
	(142945,2,-1),
	(142945,3,2),
	(230246,1,-1),
	(230246,2,-1),
	(230246,3,2),
	(190552,1,2),
	(190552,2,-1),
	(190552,3,-1),
	(162190,1,-1),
	(162190,2,2),
	(162190,3,-1),
	(57960,1,2),
	(57960,2,-1),
	(57960,3,-1),
	(4986,1,-1),
	(4986,2,2),
	(4986,3,-1),
	(118827,1,-1),
	(118827,2,-1),
	(118827,3,2),
	(44650,1,-1),
	(44650,2,2),
	(44650,3,-1),
	(199063,1,-1),
	(199063,2,-1),
	(199063,3,2),
	(39718,1,2),
	(39718,2,-1),
	(39718,3,-1),
	(97205,1,-1),
	(97205,2,2),
	(97205,3,-1),
	(47707,1,-1),
	(47707,2,2),
	(47707,3,-1),
	(84811,1,-1),
	(84811,2,2),
	(84811,3,-1),
	(91960,1,-1),
	(91960,2,-1),
	(91960,3,2),
	(77380,1,2),
	(77380,2,-1),
	(77380,3,-1),
	(37224,1,-1),
	(37224,2,2),
	(37224,3,-1),
	(93345,1,-1),
	(93345,2,2),
	(93345,3,-1),
	(204376,1,-1),
	(204376,2,-1),
	(204376,3,2),
	(62781,1,-1),
	(62781,2,-1),
	(62781,3,2),
	(39709,1,-1),
	(39709,2,2),
	(39709,3,-1),
	(234,1,2),
	(234,2,-1),
	(234,3,-1),
	(268381,1,2),
	(268381,2,-1),
	(268381,3,-1),
	(47844,1,-1),
	(47844,2,2),
	(47844,3,-1),
	(51625,1,-1),
	(51625,2,2),
	(51625,3,-1),
	(49579,1,-1),
	(49579,2,2),
	(49579,3,-1),
	(48976,1,-1),
	(48976,2,2),
	(48976,3,-1),
	(18449,1,-1),
	(18449,2,2),
	(18449,3,-1),
	(225840,1,-1),
	(225840,2,-1),
	(225840,3,2),
	(139291,1,-1),
	(139291,2,2),
	(139291,3,-1),
	(132436,1,-1),
	(132436,2,2),
	(132436,3,-1),
	(66874,1,2),
	(66874,2,-1),
	(66874,3,-1),
	(84060,1,-1),
	(84060,2,2),
	(84060,3,-1),
	(84662,1,-1),
	(84662,2,-1),
	(84662,3,2),
	(54857,1,-1),
	(54857,2,-1),
	(54857,3,2),
	(1699,1,-1),
	(1699,2,-1),
	(1699,3,2),
	(32440,1,-1),
	(32440,2,2),
	(32440,3,-1),
	(221682,1,-1),
	(221682,2,2),
	(221682,3,-1),
	(99895,1,-1),
	(99895,2,2),
	(99895,3,-1),
	(169487,1,-1),
	(169487,2,-1),
	(169487,3,2),
	(83175,1,-1),
	(83175,2,2),
	(83175,3,-1),
	(17610,1,-1),
	(17610,2,-1),
	(17610,3,2),
	(254347,1,-1),
	(254347,2,2),
	(254347,3,-1),
	(83176,1,-1),
	(83176,2,2),
	(83176,3,-1),
	(39424,1,-1),
	(39424,2,2),
	(39424,3,-1),
	(22997,1,-1),
	(22997,2,-1),
	(22997,3,2),
	(80935,1,-1),
	(80935,2,2),
	(80935,3,-1),
	(11102,1,-1),
	(11102,2,-1),
	(11102,3,2),
	(291410,1,2),
	(291410,2,-1),
	(291410,3,-1),
	(58394,1,2),
	(58394,2,-1),
	(58394,3,-1),
	(66319,1,-1),
	(66319,2,-1),
	(66319,3,2),
	(26279,1,-1),
	(26279,2,-1),
	(26279,3,2),
	(81372,1,-1),
	(81372,2,-1),
	(81372,3,2),
	(54774,1,-1),
	(54774,2,2),
	(54774,3,-1),
	(81186,1,-1),
	(81186,2,2),
	(81186,3,-1),
	(62244,1,-1),
	(62244,2,2),
	(62244,3,-1),
	(9156,1,-1),
	(9156,2,2),
	(9156,3,-1),
	(83634,1,-1),
	(83634,2,-1),
	(83634,3,2),
	(8871,1,2),
	(8871,2,-1),
	(8871,3,-1),
	(53523,1,2),
	(53523,2,-1),
	(53523,3,-1),
	(27664,1,-1),
	(27664,2,2),
	(27664,3,-1),
	(137090,1,-1),
	(137090,2,-1),
	(137090,3,2),
	(332118,1,-1),
	(332118,2,2),
	(332118,3,-1),
	(30312,1,-1),
	(30312,2,2),
	(30312,3,-1),
	(228334,1,-1),
	(228334,2,-1),
	(228334,3,2),
	(106236,1,-1),
	(106236,2,2),
	(106236,3,-1),
	(159568,1,-1),
	(159568,2,2),
	(159568,3,-1),
	(331011,1,-1),
	(331011,2,-1),
	(331011,3,2),
	(231723,1,-1),
	(231723,2,-1),
	(231723,3,2),
	(61266,1,-1),
	(61266,2,2),
	(61266,3,-1),
	(345111,1,2),
	(345111,2,-1),
	(345111,3,-1),
